01733088458
01629435686
015209043194
015236260009
01778535121
01738369893
01728209469
017666791455
+491627158979
017661221759
01708979990
090729696619
01786385461
01758281675
01743918010
015234269896
017610961155
01723456447  090749569456
015208647460
015110350843
+48503693639
+4915155330065
015737754097
0152569448529
090729659046
015777234877
0157511432
01704624320
090899209004
017661454809
01749000855
01627785783
090765419955
015209633542
090717942695                 ;    15225651868
015119148590
09075 595   01771653965
017669624274
015235853205
017674586324
090748362879
015159175445
017661615134
017662586011
09075415
+4915207731427
015510463368
015259732236
090737717
016096891403
015781297495
+38268588609
09076918402
017622804059
01734372842
015128843220
015159888209
015111571549
01716494808
01785742773
01795372842
015256189648
017664080714
015159175402
015255906177
01751615142
015158819472
015140517094
01771660452
017663446930
01741592312
016090150637
090897464108 01717114284
015203903298
017684688771
01751672051
015901366328
015221797902
01788631203
01632667913
016096070787
017642232855
01632341230
016094940695
0111
01745893193
01621935974
01607653340
1111
01739060048
090724311
01797764861
016095523758
015117248419
01742482785
01731845127
017663123140
01734369991
01728917615
01629806527
015172121226
015156110634
01524111841
017653913019
015128011632
017444444
017636233923
015222684217
01755722429
017688417661
015146442948
01754526774
01755652621
017618674725
01735920814
+4917634255145
015561921735
01712076756
01734037721
01628569874
015223379634
01716282252
01718229482
01703162082
09072921398
01604782931
015204434960
090726625
017556668
01748142064
01728377701
01607274327
090722188
017619252281
01746218350
01743762460
016099291259
090729697957
